1 0.2579166666666667 0.1321808510638298 0.46416666666666667 0.24308510638297873
1 0.7462500000000001 0.13882978723404255 0.4591666666666667 0.25106382978723407
1 0.5016666666666667 0.2172872340425532 0.46166666666666667 0.11542553191489362
1 0.17583333333333334 0.424468085106383 0.27666666666666667 0.2297872340425532
1 0.47208333333333335 0.40239361702127663 0.22583333333333336 0.2824468085106383
1 0.7183333333333334 0.399468085106383 0.16666666666666669 0.21595744680851064
1 0.895 0.40611702127659577 0.07166666666666667 0.1898936170212766
1 0.24000000000000002 0.6670212765957447 0.405 0.2127659574468085
1 0.7225 0.6768617021276596 0.48333333333333334 0.19946808510638298
1 0.2379166666666667 0.8654255319148937 0.4091666666666667 0.16276595744680852
