1 0.505 0.09142857142857143 0.09857142857142857 0.09904761904761905
1 0.13071428571428573 0.4542857142857143 0.11 0.14666666666666667
1 0.2792857142857143 0.1361904761904762 0.06142857142857143 0.06285714285714286
1 0.315 0.7780952380952381 0.05857142857142857 0.05523809523809524
1 0.7985714285714286 0.10761904761904761 0.07714285714285714 0.10476190476190476
1 0.5342857142857143 0.6352380952380953 0.06571428571428571 0.08571428571428572
1 0.8928571428571429 0.6447619047619048 0.054285714285714284 0.05523809523809524
1 0.6485714285714286 0.7238095238095238 0.045714285714285714 0.026666666666666665
1 0.7085714285714285 0.98 0.04857142857142857 0.03619047619047619
1 0.39 0.3171428571428571 0.05142857142857143 0.024761904761904763
1 0.7085714285714285 0.2923809523809524 0.04857142857142857 0.03238095238095238
