1 0.363 0.6173333333333333 0.194 0.376
1 0.14400000000000002 0.6053333333333333 0.164 0.2826666666666667
1 0.5700000000000001 0.5626666666666666 0.16 0.304
1 0.738 0.6413333333333333 0.17200000000000001 0.41866666666666663
1 0.917 0.612 0.166 0.312
1 0.922 0.08133333333333333 0.136 0.152
1 0.605 0.2573333333333333 0.154 0.264
1 0.216 0.244 0.124 0.27466666666666667
1 0.342 0.22133333333333333 0.12 0.2613333333333333
1 0.7020000000000001 0.05466666666666666 0.088 0.09866666666666667
1 0.481 0.2533333333333333 0.14200000000000002 0.2613333333333333
