1 0.20600000000000002 0.7668539325842696 0.292 0.2640449438202247
1 0.186 0.5730337078651685 0.34400000000000003 0.28651685393258425
1 0.316 0.31601123595505615 0.224 0.13202247191011235
1 0.531 0.5294943820224719 0.326 0.2837078651685393
1 0.584 0.7893258426966292 0.216 0.24157303370786515
1 0.776 0.7176966292134831 0.28400000000000003 0.2837078651685393
1 0.772 0.4185393258426966 0.256 0.2584269662921348
1 0.484 0.22752808988764045 0.244 0.2696629213483146
1 0.243 0.2050561797752809 0.366 0.3707865168539326
1 0.7030000000000001 0.14887640449438203 0.34600000000000003 0.2584269662921348
