1 0.23076923076923078 0.6803652968036529 0.23846153846153847 0.5890410958904109
1 0.058333333333333334 0.797945205479452 0.1141025641025641 0.38584474885844744
1 0.5032051282051282 0.6461187214611872 0.23461538461538461 0.634703196347032
1 0.6647435897435897 0.7168949771689497 0.1987179487179487 0.4840182648401826
1 0.9121794871794872 0.7214611872146118 0.17564102564102563 0.3972602739726027
1 0.36666666666666664 0.2910958904109589 0.1717948717948718 0.39497716894977164
1 0.735897435897436 0.2705479452054794 0.18974358974358974 0.34018264840182644
1 0.592948717948718 0.16095890410958902 0.1935897435897436 0.317351598173516
1 0.258974358974359 0.1232876712328767 0.18717948717948718 0.2420091324200913
1 0.43974358974358974 0.0821917808219178 0.11025641025641025 0.1598173515981735
1 0.9128205128205128 0.10159817351598173 0.1282051282051282 0.19863013698630136
