     0/299     1.39G   0.07584   0.02676         0    0.1026        22       640    0.6015    0.4891    0.5147    0.1921    0.0534   0.01361         0
     1/299     1.59G   0.05116   0.02161         0   0.07277        20       640    0.7152    0.6991    0.7341    0.3229   0.04659  0.009989         0
     2/299     1.59G   0.04619   0.01983         0   0.06602        17       640    0.6951    0.6574    0.7076    0.2922   0.04589   0.01128         0
     3/299     1.59G   0.04418   0.01946         0   0.06364        23       640    0.8502    0.6343    0.7487    0.3757   0.04407   0.01048         0
     4/299     1.59G   0.04347   0.01966         0   0.06313        18       640    0.8564    0.6944    0.8036    0.4252   0.04183  0.009311         0
     5/299     1.59G   0.04089   0.01871         0    0.0596        16       640    0.7331    0.7121    0.7763    0.3715   0.04135  0.009555         0
     6/299     1.59G   0.03926   0.01806         0   0.05732        17       640    0.8548    0.7361    0.8335     0.442   0.04098  0.008991         0
     7/299     1.59G   0.03787    0.0179         0   0.05577        13       640    0.7978    0.7125    0.7878    0.4271   0.03926  0.009271         0
     8/299     1.59G   0.03823   0.01765         0   0.05589        14       640    0.7612    0.7823    0.8006    0.4287   0.03907  0.009626         0
     9/299     1.59G   0.03807   0.01768         0   0.05574        21       640    0.8541    0.7315    0.8351    0.4517    0.0376  0.008723         0
    10/299     1.59G   0.03671   0.01729         0     0.054        18       640    0.8925    0.7685    0.8656    0.4699     0.038  0.008589         0
    11/299     1.59G   0.03539    0.0172         0   0.05259        11       640    0.8536    0.8099    0.8569    0.5013   0.03744  0.008384         0
    12/299     1.59G   0.03613   0.01662         0   0.05276        13       640     0.846    0.7917    0.8421    0.4591   0.03778   0.00829         0
    13/299     1.59G   0.03463   0.01646         0   0.05108        26       640    0.8282     0.759    0.8342    0.4343   0.03856  0.008598         0
    14/299     1.59G   0.03462   0.01633         0   0.05096        14       640    0.8775    0.7639    0.8529     0.481   0.03573  0.008612         0
    15/299     1.59G   0.03452   0.01646         0   0.05098        14       640    0.8798    0.7824    0.8666    0.4964   0.03744  0.008515         0
    16/299     1.59G   0.03355   0.01618         0   0.04973        16       640    0.8498    0.8646    0.8763    0.4629   0.03822  0.007997         0
    17/299     1.59G    0.0326   0.01581         0   0.04841        20       640    0.8591    0.8472    0.8896    0.5113   0.03655    0.0081         0
    18/299     1.59G    0.0324   0.01582         0   0.04822        18       640    0.8502    0.7963    0.8492    0.4794   0.03766  0.008597         0
    19/299     1.59G   0.03297   0.01603         0     0.049        20       640    0.8115    0.8796    0.8792    0.5037   0.03681  0.008173         0
    20/299     1.59G   0.03191   0.01538         0    0.0473        21       640    0.8565    0.8287    0.8874    0.4995    0.0348  0.008061         0
    21/299     1.59G   0.03232   0.01572         0   0.04804        13       640    0.8348    0.8424    0.9049    0.5228   0.03491  0.008147         0
    22/299     1.59G   0.03211   0.01546         0   0.04757        14       640    0.8385    0.8656    0.9016    0.5378   0.03348  0.007795         0
    23/299     1.59G    0.0319   0.01535         0   0.04725        17       640    0.8176    0.8148    0.8637    0.5065   0.03445  0.008263         0
    24/299     1.59G   0.03185   0.01547         0   0.04732        19       640    0.8433    0.8469    0.8838    0.5258   0.03538  0.008153         0
    25/299     1.59G   0.03153     0.015         0   0.04653        15       640    0.9005    0.8009    0.8754    0.5047   0.03732  0.008113         0
    26/299     1.59G   0.03093   0.01476         0   0.04569        18       640    0.8964    0.8426    0.9096    0.5185   0.03465   0.00816         0
    27/299     1.59G   0.03017   0.01492         0   0.04508        21       640    0.8828    0.8426    0.8853    0.5217   0.03364  0.007796         0
    28/299     1.59G   0.02991    0.0147         0   0.04461        14       640    0.8963    0.8002    0.8984     0.535   0.03373  0.007864         0
    29/299     1.59G   0.03061   0.01477         0   0.04538        15       640    0.9133    0.8287    0.9125    0.5338   0.03439  0.008071         0
    30/299     1.59G   0.03021   0.01442         0   0.04463        17       640    0.9293    0.8516    0.9159    0.5502   0.03594  0.007573         0
    31/299     1.59G   0.03006   0.01447         0   0.04453        15       640    0.8378    0.8606     0.889     0.543   0.03394  0.008079         0
    32/299     1.59G   0.02889   0.01479         0   0.04368        15       640    0.9093     0.838    0.9021    0.5429   0.03379   0.00779         0
    33/299     1.59G   0.02963   0.01477         0    0.0444        16       640    0.9137    0.8889    0.9306    0.5438   0.03458   0.00797         0
    34/299     1.59G   0.02945    0.0143         0   0.04375        13       640    0.8617    0.8657    0.9098    0.5387   0.03462  0.007764         0
    35/299     1.59G   0.02911   0.01439         0    0.0435        17       640    0.8928      0.81    0.8821    0.5065   0.03613  0.008071         0
    36/299     1.59G    0.0288   0.01454         0   0.04334        28       640    0.8338    0.8843    0.9065    0.5265   0.03607  0.007765         0
    37/299     1.59G   0.02812   0.01417         0   0.04229        14       640    0.9079    0.8287    0.9046    0.5471   0.03534  0.007814         0
    38/299     1.59G    0.0281    0.0142         0    0.0423        17       640    0.9003    0.8796    0.9144    0.5453   0.03458  0.007526         0
    39/299     1.59G   0.02777   0.01376         0   0.04153        13       640    0.9171    0.8701    0.9166    0.5469   0.03567   0.00765         0
    40/299     1.59G    0.0279    0.0138         0    0.0417        14       640    0.8837    0.8795    0.9196    0.5565   0.03519  0.007584         0
    41/299     1.59G   0.02763   0.01384         0   0.04147        18       640    0.9154    0.8513    0.9199    0.5576   0.03543  0.007902         0
    42/299     1.59G   0.02847   0.01385         0   0.04233        13       640    0.8952    0.8699    0.9177    0.5545   0.03548   0.00777         0
    43/299     1.59G   0.02773   0.01391         0   0.04163        14       640    0.8949     0.875    0.9087    0.5478   0.03415    0.0076         0
    44/299     1.59G   0.02757   0.01395         0   0.04152        18       640    0.9238    0.8422    0.9109     0.545   0.03336  0.007801         0
    45/299     1.59G   0.02717   0.01382         0   0.04099        18       640     0.925    0.8565    0.9253    0.5434   0.03566  0.007751         0
    46/299     1.59G   0.02693   0.01382         0   0.04074        20       640    0.8784    0.8704    0.9059    0.5472   0.03591   0.00756         0
    47/299     1.59G   0.02701    0.0137         0    0.0407        15       640     0.895    0.8283    0.8936    0.5371   0.03622  0.007633         0
    48/299     1.59G   0.02648   0.01356         0   0.04004        14       640    0.8995    0.8703    0.9189    0.5563   0.03479  0.007445         0
    49/299     1.59G   0.02675   0.01361         0   0.04035        14       640     0.899    0.8656    0.8999    0.5359   0.03536  0.007924         0
    50/299     1.59G   0.02681   0.01321         0   0.04003        16       640    0.9081    0.8704    0.9297    0.5471   0.03577  0.007846         0
    51/299     1.59G   0.02657   0.01325         0   0.03982        20       640    0.9397    0.8657    0.9144    0.5536   0.03543  0.007392         0
    52/299     1.59G   0.02664   0.01302         0   0.03966        15       640    0.9188    0.8426    0.9171    0.5803   0.03486  0.007633         0
    53/299     1.59G   0.02607   0.01325         0   0.03932        18       640    0.9075    0.8657    0.9179    0.5596   0.03499   0.00749         0
    54/299     1.59G   0.02641   0.01342         0   0.03983        16       640    0.8966    0.8843     0.918    0.5734   0.03448  0.007272         0
    55/299     1.59G   0.02668   0.01314         0   0.03982        15       640    0.9397    0.8657    0.9147    0.5571   0.03527  0.007526         0
    56/299     1.59G   0.02572   0.01297         0    0.0387        19       640    0.9005    0.8796    0.9178    0.5589   0.03462  0.007756         0
    57/299     1.59G   0.02628   0.01292         0    0.0392        17       640    0.8861    0.8657    0.8928    0.5408   0.03574  0.007865         0
    58/299     1.59G   0.02565   0.01356         0   0.03921        17       640    0.9078    0.8657    0.9158     0.567   0.03507  0.007463         0
    59/299     1.59G   0.02605   0.01324         0   0.03929        17       640    0.9119    0.8657    0.9096    0.5772   0.03446  0.007725         0
    60/299     1.59G   0.02628    0.0132         0   0.03948        18       640    0.9029     0.861    0.9151    0.5735   0.03561  0.007362         0
    61/299     1.59G   0.02593   0.01326         0   0.03918        22       640    0.9024    0.8565    0.9003    0.5501   0.03452  0.007709         0
    62/299     1.59G   0.02612   0.01304         0   0.03916        12       640    0.9305    0.8704    0.9329    0.5808   0.03487  0.007429         0
    63/299     1.59G   0.02572   0.01266         0   0.03838        17       640    0.9085    0.8796    0.9204    0.5658   0.03532  0.007511         0
    64/299     1.59G   0.02547   0.01307         0   0.03854        26       640    0.9261    0.8703    0.9212    0.5826   0.03413  0.007503         0
    65/299     1.59G   0.02549   0.01285         0   0.03834        19       640    0.9317    0.8841    0.9464    0.5807   0.03477  0.007396         0
    66/299     1.59G   0.02487   0.01299         0   0.03786        16       640    0.9188    0.8935    0.9351    0.5735   0.03516  0.007334         0
    67/299     1.59G   0.02514   0.01277         0   0.03791        31       640    0.9057    0.8889    0.9317    0.5849   0.03503  0.007463         0
    68/299     1.59G   0.02497   0.01252         0   0.03748        14       640    0.9029    0.8611    0.9042    0.5701   0.03588  0.007687         0
    69/299     1.59G   0.02551   0.01287         0   0.03838        18       640    0.8957    0.8749    0.9174    0.5577   0.03648  0.007724         0
    70/299     1.59G   0.02481   0.01261         0   0.03743        16       640    0.9056    0.8889    0.9198    0.5626    0.0355  0.007542         0
    71/299     1.59G   0.02474   0.01268         0   0.03742        21       640    0.9005    0.8795    0.9092    0.5756   0.03693  0.007658         0
    72/299     1.59G   0.02416   0.01269         0   0.03685        17       640    0.9353    0.8702    0.9272    0.5826   0.03548  0.007584         0
    73/299     1.59G   0.02391   0.01233         0   0.03624        13       640    0.9223    0.8796    0.9164    0.5947   0.03507  0.007643         0
    74/299     1.59G   0.02464    0.0123         0   0.03694        17       640    0.9034    0.8656    0.9156    0.5676   0.03569  0.007621         0
    75/299     1.59G   0.02531   0.01262         0   0.03794        14       640     0.882    0.8655    0.9179    0.5673   0.03522  0.007759         0
    76/299     1.59G   0.02444   0.01237         0   0.03682        14       640    0.9249    0.8558    0.9203    0.5793   0.03474  0.007673         0
    77/299     1.59G   0.02361   0.01235         0   0.03596        12       640    0.9091    0.8796    0.9224    0.5888   0.03492   0.00743         0
    78/299     1.59G   0.02438   0.01215         0   0.03652        17       640    0.9174    0.8843    0.9279    0.5829   0.03467  0.007519         0
    79/299     1.59G   0.02351    0.0125         0   0.03601        17       640    0.9087     0.875    0.9197    0.5708   0.03612  0.007696         0
    80/299     1.59G   0.02406    0.0122         0   0.03626        16       640    0.9101    0.8935    0.9253    0.5791   0.03543  0.007638         0
    81/299     1.59G   0.02402   0.01203         0   0.03605        21       640    0.9466    0.9074    0.9378    0.5796   0.03603  0.007607         0
    82/299     1.59G   0.02376   0.01196         0   0.03572        15       640    0.9147    0.8935    0.9192    0.5757   0.03684  0.007513         0
    83/299     1.59G   0.02433   0.01216         0   0.03648        16       640    0.9179    0.8843    0.9206    0.5718   0.03522  0.007758         0
    84/299     1.59G   0.02422   0.01206         0   0.03628        15       640    0.9196    0.9028    0.9232    0.5785   0.03493  0.007855         0
    85/299     1.59G   0.02379   0.01211         0   0.03591        12       640    0.9229    0.8889    0.9315     0.567   0.03357  0.007842         0
    86/299     1.59G   0.02335   0.01193         0   0.03528        16       640    0.9333    0.9072    0.9292     0.579   0.03345  0.007678         0
    87/299     1.59G   0.02348   0.01244         0   0.03593        10       640    0.9103    0.8935    0.9177    0.5767   0.03511  0.007785         0
    88/299     1.59G   0.02326    0.0122         0   0.03546        11       640    0.9275    0.8888    0.9269    0.5781    0.0352  0.007723         0
    89/299     1.59G   0.02355   0.01194         0    0.0355        15       640    0.9255    0.9213    0.9472     0.591   0.03456  0.007566         0
    90/299     1.59G   0.02412   0.01233         0   0.03644        19       640     0.919    0.8935    0.9178    0.5665   0.03547  0.007719         0
    91/299     1.59G    0.0232   0.01205         0   0.03524        22       640     0.912     0.912    0.9266    0.5652   0.03527  0.007875         0
    92/299     1.59G   0.02308   0.01185         0   0.03493        14       640     0.933    0.9028    0.9291    0.5957    0.0351  0.007636         0
    93/299     1.59G   0.02271   0.01196         0   0.03468        13       640    0.9381     0.912    0.9302    0.5846   0.03405  0.007809         0
    94/299     1.59G   0.02292    0.0119         0   0.03482        15       640    0.9336     0.912    0.9288    0.5839   0.03401  0.007697         0
    95/299     1.59G   0.02261    0.0118         0   0.03441        14       640    0.9374    0.9028    0.9387    0.5928   0.03449  0.007817         0
    96/299     1.59G   0.02248   0.01184         0   0.03432        26       640     0.919    0.8934    0.9155    0.5947   0.03433   0.00776         0
    97/299     1.59G   0.02285   0.01189         0   0.03474        23       640    0.9202    0.9074    0.9264    0.5679   0.03504  0.007884         0
    98/299     1.59G   0.02233   0.01164         0   0.03397        14       640    0.9227    0.8843    0.9272    0.5913   0.03518  0.007749         0
    99/299     1.59G   0.02232    0.0114         0   0.03373        16       640    0.9241    0.9028    0.9334    0.5973   0.03509  0.007452         0
   100/299     1.59G   0.02226   0.01157         0   0.03383        19       640    0.9458    0.8889    0.9402    0.6051   0.03471  0.007471         0
   101/299     1.59G   0.02211   0.01171         0   0.03382        16       640    0.9187    0.8981    0.9229    0.5862   0.03413  0.007524         0
   102/299     1.59G   0.02259   0.01175         0   0.03434        14       640    0.9292     0.912    0.9354    0.6053   0.03423    0.0076         0
   103/299     1.59G   0.02227    0.0116         0   0.03387        17       640     0.919    0.8934    0.9171    0.5733     0.034  0.007825         0
   104/299     1.59G   0.02165   0.01158         0   0.03323        14       640    0.8997    0.9167    0.9147    0.6054   0.03278   0.00739         0
   105/299     1.59G   0.02216   0.01163         0   0.03379        10       640     0.945    0.8749    0.9121    0.5994   0.03433    0.0076         0
   106/299     1.59G   0.02251   0.01148         0   0.03399        10       640     0.941    0.8889    0.9248    0.6023   0.03391  0.007436         0
   107/299     1.59G   0.02201   0.01135         0   0.03336        16       640    0.9356    0.8748    0.9095    0.5991   0.03535  0.007673         0
   108/299     1.59G   0.02222   0.01112         0   0.03334        16       640    0.9552    0.8887    0.9352     0.603   0.03313  0.007606         0
   109/299     1.59G   0.02166   0.01145         0   0.03312        18       640    0.9249     0.912    0.9309    0.5994   0.03389  0.007595         0
   110/299     1.59G   0.02171   0.01143         0   0.03314        13       640    0.9139    0.8842    0.9036    0.5807   0.03485  0.007733         0
   111/299     1.59G   0.02177   0.01128         0   0.03305        20       640    0.9285    0.9028    0.9335    0.6023    0.0339  0.007519         0
   112/299     1.59G   0.02158    0.0114         0   0.03297        11       640    0.9158    0.9074    0.9197     0.589   0.03488  0.007806         0
   113/299     1.59G   0.02162   0.01147         0   0.03308        25       640    0.9286    0.9027    0.9228    0.5814    0.0343  0.007937         0
   114/299     1.59G   0.02182   0.01146         0   0.03328        18       640    0.9285    0.9028    0.9235    0.5949   0.03372  0.007687         0
   115/299     1.59G   0.02188   0.01164         0   0.03352        17       640    0.9458    0.8888    0.9346    0.6018   0.03357  0.007768         0
   116/299     1.59G   0.02158   0.01145         0   0.03303        13       640    0.9333    0.9074     0.937    0.5907   0.03352  0.007594         0
   117/299     1.59G   0.02146   0.01129         0   0.03275        17       640    0.9157    0.9074    0.9264    0.5922   0.03401  0.007804         0
   118/299     1.59G   0.02119   0.01126         0   0.03244        14       640    0.9242    0.9028     0.931    0.6056   0.03364  0.007411         0
   119/299     1.59G   0.02104   0.01106         0    0.0321        19       640    0.9238    0.8981    0.9249    0.5988   0.03418  0.007509         0
   120/299     1.59G   0.02172   0.01103         0   0.03275        16       640    0.9163    0.9119    0.9288    0.5981   0.03375  0.007729         0
   121/299     1.59G   0.02133   0.01139         0   0.03272        19       640    0.9565    0.9166    0.9465    0.6009   0.03384   0.00733         0
   122/299     1.59G   0.02098   0.01106         0   0.03204        34       640    0.9238    0.8981    0.9306    0.6064   0.03396  0.007497         0
   123/299     1.59G    0.0214   0.01119         0   0.03259        15       640    0.9252    0.9167    0.9348    0.6106   0.03392  0.007549         0
   124/299     1.59G    0.0208   0.01113         0   0.03193        11       640    0.9194    0.8981    0.9219    0.5934   0.03405  0.007431         0
   125/299     1.59G   0.02063   0.01094         0   0.03157        18       640    0.9275    0.8886    0.9243    0.5903   0.03481  0.007609         0
   126/299     1.59G   0.02076   0.01088         0   0.03164        17       640    0.9266    0.8796    0.9266    0.6081   0.03515  0.007569         0
   127/299     1.59G   0.02071   0.01091         0   0.03162        12       640    0.9415    0.8935    0.9304    0.5967   0.03449   0.00792         0
   128/299     1.59G   0.02054    0.0109         0   0.03145        23       640     0.919    0.8935    0.9338    0.6066    0.0343  0.007802         0
   129/299     1.59G   0.02077   0.01131         0   0.03208        13       640    0.9112    0.9027    0.9316    0.5942   0.03408  0.007737         0
   130/299     1.59G   0.02076   0.01085         0   0.03162        16       640     0.932    0.8888    0.9171    0.5919   0.03472   0.00762         0
   131/299     1.59G    0.0209   0.01112         0   0.03202        22       640    0.9286    0.9028    0.9256    0.5986    0.0348  0.007635         0
   132/299     1.59G   0.02069   0.01092         0    0.0316        14       640    0.9272    0.8842    0.9267    0.6011   0.03397  0.007562         0
   133/299     1.59G   0.02044   0.01098         0   0.03142        12       640    0.9202    0.9074    0.9247     0.601   0.03436   0.00755         0
   134/299     1.59G   0.02097   0.01081         0   0.03179        13       640    0.9159    0.9073    0.9235    0.5943   0.03498  0.007596         0
   135/299     1.59G   0.02061   0.01087         0   0.03148        14       640    0.9078    0.9119    0.9247    0.5954   0.03426  0.007674         0
   136/299     1.59G   0.02053   0.01093         0   0.03146        17       640    0.9235    0.8981    0.9251    0.6056   0.03405  0.007654         0
   137/299     1.59G   0.02043   0.01102         0   0.03145        18       640    0.9368    0.8935    0.9365    0.6056    0.0331   0.00762         0
   138/299     1.59G   0.02015   0.01047         0   0.03062        13       640    0.9408    0.8843    0.9269    0.5935   0.03342  0.007936         0
   139/299     1.59G   0.02026   0.01076         0   0.03102        12       640     0.933    0.9028     0.928    0.5989   0.03441  0.007685         0
   140/299     1.59G   0.02023   0.01042         0   0.03065        12       640    0.9369    0.8935     0.931      0.61   0.03386  0.007564         0
   141/299     1.59G   0.01991   0.01063         0   0.03053        15       640    0.9412    0.8888    0.9267    0.6059   0.03423   0.00777         0
   142/299     1.59G   0.02034   0.01076         0    0.0311        20       640    0.9366    0.8889    0.9273    0.6196   0.03445  0.007767         0
   143/299     1.59G   0.01947   0.01051         0   0.02998        13       640    0.9289    0.9074    0.9415    0.6151   0.03481  0.007688         0
   144/299     1.59G   0.01962   0.01026         0   0.02988        23       640    0.9124    0.9167    0.9319    0.6109   0.03442  0.007727         0
   145/299     1.59G   0.01972   0.01037         0   0.03009        16       640     0.912    0.9119     0.923     0.609   0.03459  0.007832         0
   146/299     1.59G   0.01984   0.01068         0   0.03052        21       640    0.9426    0.9119    0.9338    0.6015   0.03366  0.007733         0
   147/299     1.59G   0.02001   0.01066         0   0.03068        14       640    0.9333    0.9074     0.937    0.6071   0.03361  0.007714         0
   148/299     1.59G   0.01968   0.01067         0   0.03035        21       640    0.9423    0.9072     0.939    0.6073   0.03357  0.007834         0
   149/299     1.59G   0.01975    0.0104         0   0.03015        15       640    0.9206     0.912    0.9352    0.6119    0.0343  0.007767         0
   150/299     1.59G   0.01965   0.01026         0   0.02992        20       640    0.9327    0.8981    0.9286    0.6048   0.03381  0.007858         0
   151/299     1.59G   0.01941   0.01036         0   0.02977        18       640    0.9023    0.8981    0.9217    0.6114   0.03388  0.007826         0
   152/299     1.59G   0.01917   0.01037         0   0.02954        16       640    0.9249     0.912    0.9211    0.6108   0.03332   0.00791         0
   153/299     1.59G   0.01956   0.01042         0   0.02999        14       640    0.9166    0.9167    0.9209    0.6073   0.03347  0.007987         0
   154/299     1.59G   0.01935    0.0104         0   0.02975        15       640    0.9458    0.8889    0.9253    0.6079   0.03408  0.008066         0
   155/299     1.59G   0.01933   0.01017         0    0.0295        13       640     0.928    0.8981    0.9252    0.6098   0.03481  0.008159         0
   156/299     1.59G   0.01924   0.01054         0   0.02978        17       640    0.9242    0.9028    0.9209    0.6012   0.03481  0.007979         0
   157/299     1.59G     0.019   0.01013         0   0.02913        17       640    0.9458    0.8889    0.9219    0.5956   0.03538  0.008082         0
   158/299     1.59G   0.01912    0.0105         0   0.02962        16       640    0.9336     0.912    0.9211    0.6009   0.03521  0.008011         0
   159/299     1.59G   0.01918   0.01036         0   0.02954        21       640    0.9206     0.912     0.919    0.5994   0.03513  0.007946         0
   160/299     1.59G   0.01882   0.01042         0   0.02924        13       640    0.9292     0.912    0.9172    0.6001   0.03463  0.007917         0
   161/299     1.59G   0.01899   0.01008         0   0.02907        19       640    0.9317    0.8839    0.9161    0.6013   0.03487  0.008026         0
   162/299     1.59G   0.01906   0.01021         0   0.02927        16       640    0.9366    0.8888     0.925    0.6037   0.03474  0.007854         0
   163/299     1.59G   0.01966   0.01022         0   0.02988        20       640    0.9359    0.8796     0.919     0.606   0.03503   0.00782         0
   164/299     1.59G   0.01907   0.01042         0   0.02949        23       640    0.9238    0.8981    0.9265    0.5973   0.03509  0.008015         0
   165/299     1.59G   0.01875   0.01026         0   0.02901        22       640    0.9282    0.8981    0.9219    0.6002    0.0351  0.008006         0
   166/299     1.59G   0.01872   0.01009         0    0.0288        13       640    0.9124    0.9166    0.9228    0.6005   0.03512  0.008015         0
   167/299     1.59G   0.01853  0.009991         0   0.02852        16       640    0.9041    0.9167    0.9293    0.6048   0.03504   0.00797         0
   168/299     1.59G   0.01839   0.01015         0   0.02854        14       640    0.9232    0.8935    0.9283    0.6091   0.03429  0.007981         0
   169/299     1.59G   0.01836  0.009853         0   0.02821        11       640    0.9245    0.9074    0.9226    0.6077   0.03408  0.008025         0
   170/299     1.59G   0.01904   0.01006         0    0.0291        15       640     0.919    0.8934    0.9111    0.6067   0.03459   0.00818         0
   171/299     1.59G   0.01855   0.01003         0   0.02858        19       640    0.9194    0.8981    0.9152    0.6077   0.03463  0.008232         0
   172/299     1.59G   0.01848  0.009963         0   0.02844        18       640    0.9353    0.8703    0.9179    0.6044   0.03492  0.008082         0
   173/299     1.59G   0.01825  0.009825         0   0.02807        21       640    0.9366    0.8889    0.9201     0.609     0.035  0.008051         0
   174/299     1.59G   0.01814  0.009839         0   0.02798        11       640    0.9429    0.9166    0.9343    0.6133    0.0346  0.007922         0
   175/299     1.59G   0.01787  0.009659         0   0.02753        19       640    0.9512    0.9028    0.9295    0.6033    0.0345  0.007972         0
   176/299     1.59G    0.0181  0.009853         0   0.02795        17       640    0.9333    0.9074    0.9252    0.6079   0.03441  0.008011         0
   177/299     1.59G   0.01793  0.009652         0   0.02758        16       640    0.9328    0.9028    0.9237    0.6065    0.0343   0.00808         0
   178/299     1.59G   0.01792   0.01013         0   0.02805        15       640    0.9554    0.8931    0.9296    0.6108   0.03389  0.007955         0
   179/299     1.59G   0.01859  0.009791         0   0.02839        15       640    0.9463    0.9074    0.9325    0.6134   0.03409  0.007914         0
   180/299     1.59G   0.01801  0.009955         0   0.02797        14       640    0.9557     0.898    0.9313    0.6149   0.03453  0.007791         0
   181/299     1.59G   0.01833   0.01005         0   0.02838        16       640    0.9286    0.9028    0.9239    0.6098   0.03466  0.007876         0
   182/299     1.59G   0.01787  0.009829         0    0.0277        15       640    0.9286    0.9028    0.9241    0.6114    0.0347  0.007895         0
   183/299     1.59G   0.01829  0.009989         0   0.02828        20       640    0.9452    0.8843    0.9242    0.6007   0.03464  0.007897         0
   184/299     1.59G   0.01833  0.009868         0   0.02819        19       640    0.9412    0.8889    0.9247    0.6068   0.03462  0.007944         0
   185/299     1.59G   0.01772   0.00965         0   0.02737        16       640    0.9372    0.8981    0.9202    0.6064   0.03491  0.007924         0
   186/299     1.59G   0.01769   0.00955         0   0.02724        21       640    0.9406    0.8796     0.922    0.6067   0.03499  0.007947         0
   187/299     1.59G   0.01774  0.009758         0    0.0275         8       640    0.9412    0.8888    0.9204    0.6133     0.035  0.007982         0
   188/299     1.59G   0.01743  0.009577         0   0.02701        12       640    0.9547    0.8796    0.9229    0.6155    0.0354  0.007953         0
   189/299     1.59G   0.01778  0.009698         0   0.02748        15       640    0.9204     0.912    0.9195    0.6117   0.03538  0.007867         0
   190/299     1.59G   0.01778  0.009488         0   0.02727        26       640    0.9504    0.8889     0.923    0.6129   0.03531  0.007858         0
   191/299     1.59G   0.01731  0.009556         0   0.02686        15       640    0.9132    0.9259    0.9305    0.6148    0.0351  0.007916         0
   192/299     1.59G   0.01749  0.009614         0    0.0271        10       640    0.9163     0.912    0.9264    0.6119   0.03512  0.007954         0
   193/299     1.59G   0.01692  0.009473         0    0.0264        17       640    0.9409    0.8889    0.9269    0.6054   0.03506  0.008012         0
   194/299     1.59G   0.01729  0.009476         0   0.02677        16       640    0.9336     0.912    0.9295    0.6014   0.03502  0.008142         0
   195/299     1.59G   0.01744  0.009522         0   0.02696        16       640    0.9371    0.8981    0.9174    0.5986   0.03464  0.008147         0
   196/299     1.59G   0.01723  0.009516         0   0.02675        19       640    0.9292     0.912    0.9204    0.6032   0.03433  0.008103         0
   197/299     1.59G   0.01742  0.009389         0   0.02681        13       640    0.9249     0.912    0.9203    0.6029    0.0344  0.008129         0
   198/299     1.59G   0.01723  0.009431         0   0.02667        21       640    0.9209    0.9167    0.9185    0.6042   0.03449  0.008218         0
   199/299     1.59G   0.01692  0.009454         0   0.02637         8       640    0.9205     0.912     0.918    0.6008   0.03455  0.008238         0
   200/299     1.59G   0.01702  0.009143         0   0.02616        15       640    0.9256    0.9212    0.9242    0.6045   0.03476  0.008244         0
   201/299     1.59G   0.01695  0.009369         0   0.02632        16       640    0.9259    0.9259    0.9244    0.6092   0.03464  0.008249         0
   202/299     1.59G   0.01643  0.009112         0   0.02554        15       640    0.9257    0.9259    0.9287    0.6039   0.03481  0.008331         0
   203/299     1.59G   0.01671  0.009414         0   0.02612        16       640     0.933    0.9028    0.9246     0.608   0.03468  0.008351         0
   204/299     1.59G   0.01684  0.009223         0   0.02606        15       640    0.9333    0.9074     0.929    0.6063   0.03491  0.008345         0
   205/299     1.59G   0.01673  0.009462         0   0.02619        12       640    0.9331    0.9074     0.926    0.5982   0.03536  0.008355         0
   206/299     1.59G   0.01665  0.009472         0   0.02612        19       640    0.9289    0.9074    0.9246    0.5969   0.03545  0.008404         0
   207/299     1.59G   0.01697  0.009355         0   0.02632        17       640    0.9167    0.9166    0.9301    0.5993   0.03547  0.008501         0
   208/299     1.59G   0.01652  0.009346         0   0.02586        20       640    0.9112    0.9028    0.9218    0.6016   0.03532  0.008527         0
   209/299     1.59G   0.01653  0.009216         0   0.02575        18       640    0.9202    0.9074    0.9216    0.6005   0.03496   0.00849         0
   210/299     1.59G   0.01692  0.009246         0   0.02617        19       640     0.942    0.9028    0.9236    0.6077   0.03457  0.008485         0
   211/299     1.59G   0.01624  0.009263         0    0.0255        16       640    0.9513     0.912    0.9265    0.6047   0.03444  0.008484         0
   212/299     1.59G   0.01638  0.009023         0   0.02541        18       640    0.9426     0.912    0.9283    0.6068    0.0345  0.008496         0
   213/299     1.59G   0.01631  0.009129         0   0.02543        17       640    0.9463     0.898    0.9287    0.6071   0.03469  0.008424         0
   214/299     1.59G   0.01608  0.008869         0   0.02495        19       640    0.9366    0.8889    0.9213    0.6005   0.03494  0.008446         0
   215/299     1.59G   0.01666  0.008996         0   0.02565        19       640    0.9205     0.912     0.921    0.5971   0.03503  0.008482         0
   216/299     1.59G   0.01643  0.009199         0   0.02563        18       640    0.9163     0.912    0.9194    0.5983   0.03497  0.008509         0
   217/299     1.59G   0.01679   0.00926         0   0.02605        23       640    0.9412    0.8888    0.9201    0.6011   0.03477  0.008488         0
   218/299     1.59G   0.01601  0.009002         0   0.02501        14       640    0.9411    0.8889    0.9196    0.6043   0.03492  0.008449         0
   219/299     1.59G   0.01618  0.009211         0   0.02539        23       640    0.9078     0.912    0.9206    0.6036   0.03513  0.008384         0
   220/299     1.59G   0.01643  0.009361         0   0.02579        17       640    0.9552    0.8888    0.9241    0.6044   0.03522  0.008316         0
   221/299     1.59G   0.01602  0.009142         0   0.02516        16       640    0.9554    0.8935    0.9273    0.6016   0.03525   0.00833         0
   222/299     1.59G   0.01564  0.009185         0   0.02482        21       640    0.9279    0.8934    0.9176    0.6022    0.0353  0.008344         0
   223/299     1.59G   0.01607  0.009186         0   0.02526        23       640    0.9275    0.8889    0.9219    0.6001   0.03537  0.008367         0
   224/299     1.59G   0.01617   0.00898         0   0.02515        22       640    0.9237    0.8981    0.9255    0.6013   0.03529  0.008362         0
   225/299     1.59G   0.01556  0.008878         0   0.02444        18       640    0.9238    0.8981    0.9261    0.6016   0.03534   0.00846         0
   226/299     1.59G   0.01583    0.0089         0   0.02473        19       640    0.9238    0.8981     0.928     0.603   0.03533  0.008489         0
   227/299     1.59G   0.01585  0.009136         0   0.02498        22       640    0.9231    0.8888    0.9222    0.6014    0.0353  0.008486         0
   228/299     1.59G   0.01561  0.008946         0   0.02456        15       640    0.9151    0.8981    0.9262    0.6019   0.03527  0.008472         0
   229/299     1.59G    0.0163  0.008982         0   0.02528        23       640    0.9194    0.8981    0.9228    0.5969   0.03532   0.00847         0
   230/299     1.59G   0.01597  0.008961         0   0.02494        17       640    0.9275    0.8889    0.9185    0.5958   0.03538  0.008489         0
   231/299     1.59G   0.01593  0.009035         0   0.02497        16       640    0.9327    0.8981    0.9217    0.5979   0.03538  0.008511         0
   232/299     1.59G     0.016   0.00902         0   0.02502        19       640    0.9286    0.9028    0.9222    0.5969   0.03534  0.008514         0
   233/299     1.59G   0.01569  0.008827         0   0.02452        14       640    0.9286    0.9028    0.9224    0.5981   0.03529  0.008549         0
   234/299     1.59G   0.01584  0.008824         0   0.02466        14       640     0.933    0.9028      0.92    0.5979   0.03525  0.008554         0
   235/299     1.59G   0.01562  0.008779         0    0.0244        16       640    0.9417    0.8981    0.9194    0.6012   0.03518  0.008565         0
   236/299     1.59G   0.01545  0.008755         0   0.02421        15       640    0.9417    0.8981    0.9224    0.6016   0.03526  0.008553         0
   237/299     1.59G   0.01532  0.008768         0   0.02409        16       640    0.9375    0.9027    0.9257    0.6074   0.03526  0.008507         0
   238/299     1.59G   0.01531  0.008525         0   0.02383        18       640    0.9417    0.8981    0.9257    0.6083   0.03528  0.008512         0
   239/299     1.59G   0.01489  0.008663         0   0.02356        23       640     0.933    0.9027    0.9262    0.6103   0.03532  0.008474         0
   240/299     1.59G   0.01534   0.00869         0   0.02403        16       640    0.9372    0.8981    0.9261    0.6065   0.03537  0.008452         0
   241/299     1.59G   0.01539  0.008969         0   0.02436        17       640    0.9417    0.8981    0.9252    0.6115   0.03536  0.008462         0
   242/299     1.59G   0.01531  0.008838         0   0.02415        12       640     0.942    0.9028    0.9273    0.6092   0.03532   0.00849         0
   243/299     1.59G   0.01543  0.008747         0   0.02417        13       640    0.9469    0.9074    0.9292    0.6132   0.03524  0.008518         0
   244/299     1.59G   0.01549  0.008676         0   0.02416        14       640    0.9463    0.8981    0.9213    0.6074   0.03519  0.008535         0
   245/299     1.59G   0.01521  0.008607         0   0.02382        17       640    0.9463    0.8981    0.9293    0.6126   0.03519  0.008535         0
   246/299     1.59G   0.01505  0.008643         0    0.0237        14       640    0.9504    0.8889    0.9281    0.6085    0.0352  0.008552         0
   247/299     1.59G   0.01513  0.008684         0   0.02381        18       640    0.9286    0.9028    0.9247    0.6081   0.03516   0.00853         0
   248/299     1.59G   0.01462  0.008459         0   0.02308        18       640     0.933    0.9028    0.9183    0.6036   0.03521  0.008525         0
   249/299     1.59G   0.01519  0.008643         0   0.02383        20       640    0.9375    0.9028    0.9263    0.6058   0.03519  0.008489         0
   250/299     1.59G   0.01543   0.00869         0   0.02412        12       640    0.9375    0.9028    0.9271     0.608   0.03525  0.008453         0
   251/299     1.59G   0.01497  0.008609         0   0.02358        15       640    0.9375    0.9028     0.927    0.6068   0.03525  0.008482         0
   252/299     1.59G   0.01506  0.008386         0   0.02345        17       640    0.9333    0.9074    0.9236    0.6083   0.03528  0.008511         0
   253/299     1.59G   0.01504  0.008582         0   0.02362        12       640    0.9292     0.912    0.9237    0.6104   0.03521  0.008501         0
   254/299     1.59G   0.01491  0.008516         0   0.02343        17       640    0.9292     0.912    0.9229    0.6082   0.03518   0.00855         0
   255/299     1.59G   0.01427  0.008562         0   0.02283        13       640    0.9339    0.9167    0.9291    0.6043    0.0352  0.008579         0
   256/299     1.59G    0.0151  0.008361         0   0.02346        11       640    0.9466    0.9027    0.9305    0.6045   0.03519  0.008592         0
   257/299     1.59G   0.01481  0.008347         0   0.02316        20       640    0.9463    0.8981    0.9347    0.6096   0.03519   0.00863         0
   258/299     1.59G   0.01516  0.008826         0   0.02399        14       640    0.9252    0.9166    0.9345    0.6118   0.03516  0.008663         0
   259/299     1.59G   0.01504  0.008388         0   0.02342        14       640    0.9252    0.9166    0.9355    0.6122   0.03508  0.008679         0
   260/299     1.59G   0.01448  0.008432         0   0.02292        14       640    0.9252    0.9166    0.9355      0.61   0.03501  0.008709         0
   261/299     1.59G   0.01444  0.008296         0   0.02273        18       640    0.9296    0.9166    0.9333    0.6111   0.03494  0.008708         0
   262/299     1.59G   0.01453  0.008518         0   0.02304        16       640    0.9694    0.8792    0.9354    0.6111   0.03486  0.008734         0
   263/299     1.59G   0.01442  0.008467         0   0.02289        18       640    0.9252    0.9166    0.9382    0.6126   0.03479  0.008745         0
   264/299     1.59G    0.0147  0.008332         0   0.02304        16       640    0.9644    0.8788    0.9325    0.6115   0.03473   0.00874         0
   265/299     1.59G   0.01502  0.008229         0   0.02325        22       640    0.9501    0.8843    0.9319     0.613   0.03466  0.008738         0
   266/299     1.59G   0.01495  0.008464         0   0.02342        20       640    0.9458    0.8888    0.9318    0.6116   0.03466  0.008748         0
   267/299     1.59G   0.01452  0.008185         0    0.0227        14       640    0.9317    0.8842    0.9255    0.6122    0.0347   0.00876         0
   268/299     1.59G   0.01437  0.008336         0    0.0227        22       640    0.9316    0.8843    0.9238    0.6115   0.03477  0.008762         0
   269/299     1.59G   0.01458  0.008445         0   0.02302        20       640    0.9317    0.8843    0.9252    0.6105   0.03479  0.008773         0
   270/299     1.59G   0.01453  0.008332         0   0.02287        16       640    0.9317    0.8843     0.922    0.6096   0.03477  0.008782         0
   271/299     1.59G   0.01508  0.008436         0   0.02352        14       640    0.9268    0.8796    0.9162    0.6096   0.03481    0.0088         0
   272/299     1.59G   0.01488  0.008428         0   0.02331        17       640    0.9268    0.8796    0.9141    0.6101   0.03479  0.008814         0
   273/299     1.59G   0.01466  0.008388         0   0.02305        19       640    0.9108    0.8981    0.9144    0.6085   0.03485  0.008794         0
   274/299     1.59G   0.01459   0.00838         0   0.02297        17       640    0.9314    0.8796    0.9144    0.6093   0.03489  0.008798         0
   275/299     1.59G   0.01419  0.008124         0   0.02231        14       640    0.9359    0.8795    0.9145    0.6087   0.03488  0.008815         0
   276/299     1.59G   0.01421  0.008226         0   0.02244        18       640    0.9409    0.8841    0.9173    0.6072   0.03486  0.008819         0
   277/299     1.59G   0.01414  0.008365         0    0.0225        18       640    0.9406    0.8843     0.917    0.6068   0.03485  0.008818         0
   278/299     1.59G   0.01463  0.008258         0   0.02289        15       640    0.9407    0.8843    0.9175    0.6064   0.03492  0.008823         0
   279/299     1.59G   0.01447  0.008364         0   0.02283        15       640    0.9363    0.8842    0.9176    0.6051   0.03502  0.008819         0
   280/299     1.59G   0.01449  0.008376         0   0.02287        23       640    0.9194    0.8981    0.9179     0.605    0.0351  0.008827         0
   281/299     1.59G   0.01409  0.008439         0   0.02253        18       640    0.9194    0.8981     0.918    0.6043   0.03516  0.008831         0
   282/299     1.59G   0.01439  0.008241         0   0.02263        11       640    0.9151    0.8981     0.918    0.6033   0.03519  0.008827         0
   283/299     1.59G   0.01444  0.008253         0    0.0227        16       640    0.9359    0.8794    0.9178    0.6037   0.03519  0.008846         0
   284/299     1.59G   0.01439  0.008323         0   0.02271        17       640    0.9234    0.8935    0.9158    0.6042   0.03521  0.008865         0
   285/299     1.59G   0.01415  0.008313         0   0.02246        18       640    0.9151    0.8981    0.9154    0.6041   0.03527   0.00889         0
   286/299     1.59G   0.01437  0.008366         0   0.02274        18       640    0.9151    0.8981    0.9117    0.6038   0.03532  0.008909         0
   287/299     1.59G   0.01387  0.008274         0   0.02214        19       640    0.9193    0.8981    0.9151    0.6044   0.03534   0.00892         0
   288/299     1.59G   0.01373  0.008046         0   0.02178        20       640    0.9238    0.8981     0.915    0.6025   0.03534  0.008923         0
   289/299     1.59G   0.01389  0.008266         0   0.02215        16       640    0.9238    0.8981    0.9155    0.6031   0.03535  0.008915         0
   290/299     1.59G   0.01399   0.00832         0   0.02231        21       640    0.9238    0.8981    0.9158    0.6035   0.03536  0.008922         0
   291/299     1.59G   0.01424  0.008224         0   0.02246         7       640    0.9151    0.8981    0.9112    0.6044   0.03536  0.008929         0
   292/299     1.59G   0.01387  0.008319         0   0.02219        12       640    0.9198    0.9028    0.9155    0.6065   0.03536  0.008922         0
   293/299     1.59G     0.014  0.007932         0   0.02193        17       640    0.9198    0.9028    0.9149    0.6052   0.03536  0.008925         0
   294/299     1.59G   0.01409  0.008179         0   0.02226        23       640    0.9241    0.9028    0.9149     0.606   0.03537  0.008923         0
   295/299     1.59G   0.01437  0.008215         0   0.02258        15       640    0.9242    0.9028    0.9148    0.6057    0.0354  0.008917         0
   296/299     1.59G   0.01386   0.00793         0   0.02179        16       640    0.9241    0.9028    0.9144     0.604   0.03539  0.008919         0
   297/299     1.59G   0.01365  0.008043         0   0.02169        16       640    0.9241    0.9028    0.9141    0.6041   0.03537   0.00892         0
   298/299     1.59G   0.01432  0.008372         0   0.02269        17       640    0.9241    0.9028    0.9143     0.603   0.03538  0.008916         0
   299/299     1.59G   0.01401  0.008057         0   0.02207        18       640    0.9151    0.8981    0.9115    0.6052    0.0354  0.008913         0
